k = 10
{
  'recall': 0.00020128364389233956, 
  'hitrate': 0.0016045548654244307, 
  'precision': 0.0001501035196687371, 
  'ndcg': 0.00016563249262109496, 
  'coverage': 0.31642947004245947, 
  'mrr': 0.0004509267475105985
}

k = 20
{
  'recall': 0.00029023291925465836, 
  'hitrate': 0.003157349896480332, 
  'precision': 0.00014751552795031056, 
  'ndcg': 0.00027323923128172954, 
  'coverage': 0.5323085390784714, 
  'mrr': 0.0005759706955491333 
}

k = 50
{
  'recall': 0.0009519668737060042, 
  'hitrate': 0.007919254658385094, 
  'precision': 0.00016563146997929608, 
  'ndcg': 0.0004947391645801882, 
  'coverage': 0.8508393615348325, 
  'mrr': 0.000773857871870729 
}
