k = 10
{
  'recall': 0.002819668737060041, 
  'hitrate': 0.021739130434782608, 
  'precision': 0.0025362318840579713, 
  'ndcg': 0.003409730719329107, 
  'coverage': 0.04479871048907061, 
  'mrr': 0.008757065628183638
}

k = 20
{
  'recall': 0.0061244306418219464, 
  'hitrate': 0.03778467908902691, 
  'precision': 0.0024068322981366463, 
  'ndcg': 0.004573213308462002, 
  'coverage': 0.057792105676993236, 
  'mrr': 0.010009014616320927
}

k = 50
{
  'recall': 0.015365942028985509, 
  'hitrate': 0.08178053830227744, 
  'precision': 0.002339544513457557, 
  'ndcg': 0.007507878935018891, 
  'coverage': 0.0800440320805158, 
  'mrr': 0.011037242892276094
}
