k = 10
{
  'recall': 0.09304166666666666, 
  'hitrate': 0.42132505175983437, 
  'precision': 0.06661490683229813, 
  'ndcg': 0.09125031052612567, 
  'coverage': 0.009966189652461079, 
  'mrr': 0.17565069506063294
}

k = 20
{
  'recall': 0.1467629917184265, 
  'hitrate': 0.5419254658385093, 
  'precision': 0.05367494824016563, 
  'ndcg': 0.10835263413540279, 
  'coverage': 0.014231797452429628, 
  'mrr': 0.18392778166565257
}

k = 50
{
  'recall': 0.2589870082815735, 
  'hitrate': 0.6940993788819876, 
  'precision': 0.038788819875776405, 
  'ndcg': 0.14491502744747436, 
  'coverage': 0.025200503223777322, 
  'mrr': 0.1888363717255204
}
