k = 10
{
  'recall': 0.041274378881987574, 
  'hitrate': 0.20341614906832298, 
  'precision': 0.02463768115942029, 
  'ndcg': 0.034887261816908835, 
  'coverage': 0.0003341720396288725, 
  'mrr': 0.06849571954385619
}

k = 20
{
  'recall': 0.0797055900621118, 
  'hitrate': 0.34368530020703936, 
  'precision': 0.024378881987577636, 
  'ndcg': 0.049183657080542766, 
  'coverage': 0.0006093725428526498, 
  'mrr': 0.07854278958013358
}

k = 50
{
  'recall': 0.1658237060041408,
  'hitrate': 0.5346790890269151, 
  'precision': 0.019523809523809523, 
  'ndcg': 0.07488411933916934, 
  'coverage': 0.0012777166221103948, 
  'mrr': 0.08442523413064457
}
